4 100 0.000616 0.024980 0.040194 0.037868
4 200 0.001272 0.003523 0.126402 0.059974
4 300 0.003885 0.009028 0.282607 0.138516
4 400 0.003899 0.008511 0.495296 0.217446
4 500 0.003946 0.009265 0.764970 0.323904
4 600 0.003719 0.007925 1.107511 0.486716
4 700 0.002714 0.006380 1.531082 0.633328
4 800 0.004952 0.007021 2.005068 0.879316
4 900 0.003533 0.002913 2.583054 1.117916
4 1000 0.003857 0.005078 3.167912 1.278938
4 2000 0.007744 0.004377 12.492142 5.286398
4 3000 0.015478 0.007767 28.118984 12.033470
4 4000 0.015359 0.006942 50.066842 19.949214
4 5000 0.019506 0.008698 79.418306 31.886929
4 6000 0.023259 0.009476 114.595431 45.146643
4 7000 0.026996 0.010928 154.240480 63.353856
4 8000 0.032071 0.013997 199.886480 84.878053
4 9000 0.036818 0.013980 255.742867 112.431455
4 10000 0.039021 0.013920 313.488697 139.305094
