2 0.932784 0.922211
3 1.708076 1.503756
4 3.253950 2.227333
5 8.059235 2.165373
6 8.324642 4.232015
7 17.380567 6.626768
8 20.936345 7.928382
9 28.217000 9.428283
10 30.003557 13.297312
11 42.185241 14.341807
12 54.790398 15.857505
13 67.959391 20.911083
14 78.118109 21.829833
15 91.026210 26.577823
16 76.643966 26.017479
17 107.443995 34.936620
18 130.518165 36.626689
19 132.469553 37.760228
20 160.339725 38.269202
21 186.313928 42.877573
22 193.473893 47.961837
23 225.451508 44.895716
24 241.205014 52.838230
25 262.853705 56.276270
26 306.221396 61.380000
27 304.606518 75.971912
28 338.854514 67.484302
29 382.780295 73.828919
30 380.692716 75.821766
31 413.359128 77.924024
32 462.702609 91.669270
33 490.582275 91.305274
34 527.676313 89.900620
35 557.647385 94.613177
36 575.195815 111.337080
37 636.556290 108.080946
38 666.444444 110.476234
39 700.907303 117.085096
40 669.164543 120.541347
41 789.965878 125.120141
42 763.968276 132.044506
43 843.523047 125.973418
44 912.407726 140.980721
45 928.791907 148.487247
46 960.583594 157.977935
47 985.369167 158.701818
48 1065.394141 161.721287
49 1058.898272 171.761297
50 1139.617908 183.127604
51 1224.724835 184.711551
52 1280.169018 176.399451
53 1207.626480 177.250279
54 1341.806258 198.313601
55 1366.370147 197.358846
56 1442.167027 205.186385
57 1477.546357 230.352593
58 1559.774871 226.852483
59 1664.329298 238.001777
60 1719.201554 243.835900
61 1715.432060 230.241639
62 1772.540837 247.067730
63 1880.898143 251.791622
64 1924.669304 273.831580
65 2027.567176 254.185202
66 2009.585881 269.344934
67 2148.962752 274.224330
68 2173.276837 285.959563
69 2259.946227 271.685909
70 2324.796878 283.698182
71 2436.377096 307.466291
72 2495.237096 331.276336
73 2538.481754 308.563358
74 2561.816656 305.835711
75 2719.061100 315.971348
76 2780.028615 331.523574
77 2828.966358 356.184318
78 2871.684179 333.146984
79 2932.284426 332.332787
80 3068.709842 384.123464
81 3179.076942 357.721585
82 3250.800752 366.867326
83 3275.193039 370.284206
84 3348.099003 379.656766
85 3476.879763 394.010242
86 3534.573928 392.511327
87 3660.883419 401.147851
88 3751.907391 419.446510
89 3824.748563 455.397582
90 3928.054135 412.722437
91 4021.420718 427.696219
92 4083.955850 428.221600
93 4183.262334 455.936367
94 4229.611186 459.612454
95 4383.558844 499.885414
96 4444.097789 469.564144
97 4542.748241 480.671530
98 4519.735735 467.906184
99 4642.103358 483.864075
100 4863.201889 489.451480
101 4949.321233 523.397258
102 4959.377791 514.664045
103 5174.779741 528.819239
104 5258.003752 523.115186
105 5315.899179 525.758721
106 5464.051778 525.149845
107 5504.293061 548.994560
108 5604.407130 572.472319
109 5588.229961 595.798797
110 5774.877509 570.766869
111 5732.478480 587.022530
112 5717.636627 609.404290
113 5918.518272 597.108893
114 6323.447968 602.639609
115 6350.464125 600.085264
116 6392.217205 628.928167
117 6643.383911 620.948091
118 6669.339472 638.849743
119 6806.175145 638.732092
120 7015.015028 653.764022
121 7163.858994 650.350166
122 7292.274532 654.692850
123 7403.195864 666.051953
124 7487.071614 684.883198
125 7562.527522 707.750835
126 7635.359145 685.748176
127 7702.942771 739.444016
128 7786.150692 732.792962
129 7979.062547 732.250013
130 8254.673443 765.161884
131 8143.497612 763.168894
132 8429.291252 762.787504
133 8659.547309 783.049160
134 8687.712181 826.943402
135 8898.201497 765.603125
136 8905.946133 783.110243
137 9193.912205 803.099815
138 9223.242374 845.603483
139 9473.320863 777.854166
140 9450.559495 853.093060
141 9515.415916 876.828527
142 9640.098663 846.881464
143 9900.674466 872.650140
144 10179.519229 871.536429
145 10285.911630 848.243191
146 10453.557436 902.226664
147 10613.286943 904.682839
148 10719.761506 905.542594
149 10617.004084 909.678638
150 10811.545774 926.979446
151 10808.150141 949.867669
152 11073.209303 982.001234
153 11220.886611 920.371139
154 11513.482509 961.980026
155 11629.779925 947.652799
156 11876.599223 955.721094
157 12116.893008 1017.860838
158 12147.585960 1009.184760
159 12265.113309 996.008834
160 12418.838690 1021.879995
161 12530.123523 1038.656450
162 12893.449638 1001.608426
163 12938.377889 1054.185506
164 13184.281649 1045.121288
165 13279.861719 1056.694360
166 13552.120219 1059.178861
167 13478.650979 1045.831892
168 13876.095434 1084.505651
169 13940.779400 1117.342790
170 14111.136215 1091.740668
171 14404.499084 1129.942380
172 14389.865765 1101.493142
173 14502.696962 1130.568382
174 14597.809385 1160.873653
175 15007.134885 1165.170116
176 15270.127527 1189.121635
177 15414.419815 1163.796033
178 15499.015690 1205.273278
179 15753.203090 1227.327414
180 15931.397193 1186.340070
181 16072.536609 1222.179476
182 16239.741294 1224.241642
183 16247.673082 1289.340205
184 16661.208671 1251.847866
185 16880.218404 1252.423528
186 16932.080331 1277.198575
187 17256.863810 1315.899979
188 17391.317364 1272.960668
189 17602.298153 1332.177579
190 17794.767571 1382.679093
191 17842.169177 1334.568889
192 18034.772178 1312.188495
193 18374.002710 1368.169745
194 18580.872990 1376.254390
195 18782.433873 1324.306683
196 18956.415834 1420.073754
197 19158.941996 1429.852897
198 19365.533574 1412.435862
199 19547.454892 1444.126098
200 19752.858240 1456.719056
201 19951.595860 1467.187377
202 20057.377942 1467.048658
203 20293.806051 1467.913808
204 20368.520238 1495.489320
205 20749.273306 1460.337444
206 20826.015327 1492.594886
207 20964.465831 1472.857079
208 21344.103008 1496.904896
209 21105.922676 1553.892909
210 21737.151860 1560.499596
211 21561.117942 1521.902504
212 22102.513391 1570.854559
213 22069.478093 1554.926082
214 22101.790806 1597.216045
215 22379.985798 1560.595820
216 22373.296528 1585.263903
217 23222.425500 1618.729912
218 23236.541327 1646.207571
219 23644.799246 1581.715070
220 23901.262009 1687.040789
221 24127.007950 1722.849023
222 24197.114704 1639.728419
223 24551.812831 1643.539137
224 24788.480286 1653.889732
225 24790.550161 1742.041456
226 25121.749976 1765.739916
227 25420.031386 1665.224413
228 25672.898280 1742.559118
229 25461.203954 1685.130143
230 26040.928459 1710.770943
231 26346.066822 1772.087497
232 26480.331138 1831.419232
233 26741.768030 1818.865638
234 26912.351710 1828.811568
235 27283.796886 1800.184519
236 27511.081135 1857.936967
237 27470.925490 1820.298583
238 27975.155350 1904.524080
239 28158.104579 1875.445080
240 28360.958935 1816.653380
241 28566.742564 1905.465618
242 28809.932415 1891.036059
243 28712.690664 1959.860032
244 29391.374311 1889.422923
245 29545.921944 1941.024355
246 29866.058569 1928.463165
247 30185.609222 1966.471059
248 30401.866082 1959.991410
249 30446.500265 1939.775590
250 30735.530785 1982.908210
251 30899.512131 2013.969452
252 31381.740954 2050.724190
253 31642.002334 2069.624440
254 31739.003405 2008.563529
255 31950.479488 2048.615966
256 32380.320808 2098.902117
257 32437.261590 2017.790248
258 32937.452778 2097.945799
259 33047.509450 2058.423660
260 33393.361920 2110.090224
261 33223.570277 2130.548456
262 33557.374977 2107.200373
263 33971.661736 2214.595437
264 34133.757078 2106.475823
265 34744.114670 2159.475579
266 34644.331473 2114.212094
267 34661.637398 2215.629725
268 35122.160229 2179.054124
269 35597.602135 2250.603868
270 36072.682417 2241.238287
271 36320.252820 2271.627499
272 36577.230739 2179.837854
273 36682.513159 2205.831324
274 37160.091477 2278.586499
275 36938.002770 2199.260622
276 37142.682192 2304.637093
277 37487.151661 2307.470129
278 38231.165632 2351.550865
279 38355.301258 2389.181016
280 38767.231790 2373.353536
281 38742.935072 2306.597513
282 39029.219742 2325.657199
283 39549.722497 2454.164650
284 39986.333190 2317.843775
285 40252.378732 2322.674465
286 40502.933608 2456.375242
287 40520.811251 2452.572617
288 40845.543254 2487.023592
289 41276.650722 2540.645814
290 41479.551738 2517.787144
291 41958.982126 2489.874918
292 42262.947065 2526.984756
293 42539.054232 2534.770493
294 42777.236401 2554.471629
295 42774.290840 2548.145156
296 43411.998939 2574.101206
297 43477.130280 2509.627886
298 43818.996882 2605.834273
299 44323.822708 2618.761853
300 44634.827189 2616.409496
301 44891.405460 2586.785333
302 45111.712232 2629.063636
303 45283.841563 2566.334110
304 45278.387090 2750.497259
305 45853.395832 2757.248807
306 46433.310947 2718.034812
307 46644.485301 2751.486956
308 46720.248265 2825.036066
309 47293.848636 2772.558322
310 47456.775055 2787.177479
311 47539.730127 2764.623539
312 47689.057760 2802.989551
313 48447.812565 2906.376559
314 48644.033667 2917.069983
315 48946.587459 2817.516982
316 49456.879349 2873.239029
317 49661.197885 2897.928255
318 50130.547779 2847.338328
319 50387.254570 2815.920777
320 49706.307635 2973.832287
321 50646.307390 2911.856732
322 51167.849493 2879.993358
323 51416.967279 2939.577626
324 51665.271473 2999.355184
325 52031.064935 2993.496799
326 52542.503392 2903.179605
327 53066.665925 2950.889821
328 53377.678751 2951.093008
329 53648.751408 3014.949253
330 54037.579115 3078.426563
331 54356.573537 3053.403553
332 54325.105149 2996.056759
333 54772.154126 2976.300627
334 55198.256121 3101.268002
335 55615.762518 3120.476947
336 55879.472306 2993.015785
337 55508.831384 3163.060697
338 56003.637591 3080.207749
339 56522.534134 3090.440659
340 57125.939410 3146.556903
341 57376.896137 3215.979278
342 57444.356688 3128.409283
343 56900.623526 3169.301758
344 58191.360585 3232.552957
345 58696.812766 3214.465663
346 59222.239704 3204.492076
347 59640.942546 3285.224197
348 59841.867779 3328.485467
349 60092.297703 3380.093047
350 60766.130228 3311.636878
351 61119.811018 3317.199301
352 61392.596950 3394.880943
353 61472.360174 3342.366289
354 62209.796127 3305.829046
355 62364.917139 3336.515565
356 62594.738292 3343.633393
357 62448.031464 3430.107124
358 63539.062582 3450.149797
359 63760.854685 3366.369986
360 64298.351755 3413.558226
361 64218.192423 3399.311025
362 64446.949232 3461.562474
363 65191.838472 3552.546720
364 65729.905472 3394.792384
365 66082.324088 3458.862279
366 66454.460268 3538.280657
367 66486.177314 3592.663898
368 67157.550828 3569.064642
369 66792.582561 3579.889816
370 67405.992911 3561.039629
371 68098.056249 3615.553352
372 68614.584145 3570.417872
373 68980.639453 3652.936677
374 68937.191459 3607.641560
375 69533.067066 3545.995052
376 70171.319340 3643.151108
377 70240.680105 3658.394603
378 70598.776738 3683.658861
379 71133.589294 3696.335833
380 71706.118193 3580.391212
381 71727.236703 3787.207299
382 71435.970336 3743.237929
383 72706.086453 3699.835261
384 73213.955618 3767.007004
385 72737.647452 3869.057207
386 73687.244760 3875.649430
387 74056.591835 3815.352464
388 74424.023988 3773.301525
389 75090.413311 3814.567978
390 75515.013519 3965.226661
391 75353.268159 3874.901339
392 75666.443724 3845.836525
393 76450.237144 4004.118627
394 76925.690811 3833.615677
395 77450.511011 3995.322510
396 77840.438980 3982.209307
397 77682.732678 3882.303231
398 78365.642460 3968.388647
399 78803.537454 3906.488811
400 79385.273520 4064.675587
401 79773.378260 3998.887385
402 80199.248096 4087.300258
403 80178.967878 4128.404752
404 80617.899082 4073.214997
405 81474.279193 4226.723185
406 81313.294947 4078.958352
407 81850.496426 4039.441005
408 82634.784150 4154.824795
409 83000.630368 4191.553828
410 83472.549009 4244.823731
411 83677.326478 4137.199254
412 83821.587038 4207.451266
413 84224.290625 4275.448276
414 84619.005393 4188.430280
415 85123.099017 4245.107026
416 85700.005763 4111.542263
417 85735.154045 4124.548226
418 86530.810232 4356.028996
419 86598.012968 4303.311374
420 87632.512032 4265.640052
421 87279.636968 4343.863310
422 88251.111032 4360.541815
423 88882.371355 4346.101106
424 88914.921918 4344.598680
425 89567.700500 4370.359113
426 89873.838044 4540.903987
427 90096.859262 4371.499850
428 90637.974558 4529.191624
429 91442.099792 4383.640269
430 91799.700325 4461.538069
431 92117.901363 4481.352738
432 91459.513710 4488.381270
433 92081.949260 4545.226681
434 92814.177362 4508.943743
435 93932.490251 4558.141147
436 94018.374038 4495.270382
437 94590.432438 4626.260518
438 95179.871041 4665.513121
439 94997.708885 4732.245332
440 95236.557698 4703.532700
441 95981.555489 4738.366526
442 96591.572314 4710.774321
443 97282.109614 4625.400891
444 97124.682007 4569.006815
445 98154.028109 4724.925637
446 98286.390703 4723.549580
447 98198.383376 4747.458337
448 99225.132873 4692.329015
449 99266.790939 4840.019534
450 100380.449515 4881.330006
451 100824.185093 4752.832717
452 101175.907005 4788.516707
453 101577.223000 4787.864876
454 101996.654323 4795.689970
455 102730.931543 4932.099596
456 103291.481926 4955.598491
457 103815.004425 4875.497677
458 104220.420325 4918.416445
459 104646.509587 4984.005240
460 104844.191463 5014.598096
461 105300.785432 4969.329559
462 105588.377608 5157.261305
463 106342.274665 4956.967728
464 106948.895488 4974.105595
465 107513.940860 5014.450076
466 107907.531145 5141.227919
467 108369.691893 5102.287154
468 108778.344932 5043.447299
469 108656.638244 5053.450950
470 109531.159403 5016.323473
471 110232.163516 5132.208951
472 110705.903540 5079.737166
473 111099.710834 5089.461837
474 110903.794835 5215.590499
475 111515.707301 5289.627075
476 112270.464363 5186.963334
477 113010.548211 5162.281238
478 112961.991585 5261.771450
479 113962.614834 5249.528309
480 114418.579803 5305.322331
481 114014.303768 5353.189253
482 115015.382793 5383.045213
483 114844.067979 5418.367284
484 116033.447933 5396.313255
485 116431.497924 5367.173823
486 117373.169948 5441.525328
487 117820.935250 5395.241527
488 117715.799860 5386.993500
489 118544.568541 5441.666885
490 119338.396104 5331.312500
491 119823.142128 5497.455245
492 120117.229945 5588.622232
493 119532.243519 5480.251794
494 121175.751585 5591.072649
495 120614.077242 5623.504828
496 121723.667044 5498.105941
497 122745.741515 5698.853092
498 123322.293457 5633.468555
499 123766.394726 5486.939673
