4 100 0.000454 0.004258 0.048642 0.016215
4 200 0.000886 0.002246 0.193140 0.064896
4 300 0.001320 0.007495 0.401012 0.119001
4 400 0.001758 0.002557 0.718348 0.212231
4 500 0.002211 0.003659 1.128578 0.333046
4 600 0.002696 0.002991 1.692387 0.493548
4 700 0.003062 0.003312 2.211605 0.664105
4 800 0.003598 0.003462 3.004471 0.875261
4 900 0.004051 0.003710 4.146585 1.197125
4 1000 0.004369 0.004702 4.911680 1.675695
4 2000 0.008780 0.005256 18.771244 5.660819
4 3000 0.014111 0.006580 43.301589 12.478660
4 4000 0.018375 0.008022 73.578721 20.815803
4 5000 0.028124 0.009508 114.942936 32.186626
4 6000 0.028424 0.013192 165.695945 46.332903
4 7000 0.030822 0.016120 224.812892 62.941235
4 8000 0.036819 0.017570 293.692160 82.751870
4 9000 0.043466 0.018952 369.186995 104.922228
4 10000 0.044090 0.020535 459.644369 130.338427
