2 2.199846e-16 5.757114e-17
3 5.037474e-16 1.079323e-16
4 2.385800e-15 8.580105e-17
5 3.390620e-15 3.138240e-16
6 1.165302e-14 8.047584e-16
7 3.069664e-14 6.522213e-16
8 3.064636e-14 6.784421e-16
9 5.091262e-14 1.146431e-15
10 1.598586e-13 1.190958e-15
11 8.261504e-14 1.819679e-15
12 1.544148e-13 2.058645e-15
13 6.597235e-14 2.525733e-15
14 1.647873e-13 2.657406e-15
15 3.805756e-13 3.464235e-15
16 9.484876e-14 3.517379e-15
17 6.652990e-13 4.346240e-15
18 6.805696e-13 4.381808e-15
19 8.946319e-13 5.164951e-15
20 4.627110e-13 5.727433e-15
21 2.264547e-12 5.961152e-15
22 8.983129e-13 7.071993e-15
23 5.739656e-13 7.292049e-15
24 8.734466e-13 9.170187e-15
25 1.982338e-12 9.082114e-15
26 7.846756e-13 9.397558e-15
27 1.729705e-12 1.034733e-14
28 2.320769e-12 1.184096e-14
29 1.613797e-12 1.223391e-14
30 2.831875e-12 1.263835e-14
31 1.542565e-12 1.432669e-14
32 1.340235e-12 1.417103e-14
33 1.821355e-12 1.537042e-14
34 2.840665e-12 1.676408e-14
35 3.141282e-12 1.716592e-14
36 1.388605e-11 1.898806e-14
37 2.175801e-12 1.989543e-14
38 3.698850e-12 2.141848e-14
39 8.251199e-12 2.142303e-14
40 1.716318e-12 2.345648e-14
41 1.532907e-12 2.502292e-14
42 1.786855e-12 2.437934e-14
43 6.754756e-10 2.724151e-14
44 8.515918e-12 2.852863e-14
45 4.842171e-12 3.003246e-14
46 1.107613e-11 3.033751e-14
47 5.721946e-12 3.175773e-14
48 3.913677e-12 3.382411e-14
49 4.399411e-12 3.488280e-14
50 1.883302e-11 3.606099e-14
51 6.076873e-12 3.832068e-14
52 5.134348e-12 3.857286e-14
53 4.111699e-12 4.121130e-14
54 2.218957e-11 4.273772e-14
55 1.464866e-11 4.445670e-14
56 7.911090e-12 4.511457e-14
57 4.290742e-11 4.764947e-14
58 8.909931e-12 4.918273e-14
59 2.649813e-11 4.964177e-14
60 1.664006e-11 5.261926e-14
61 1.057073e-11 5.399487e-14
62 7.070318e-12 5.673435e-14
63 7.993615e-12 5.951803e-14
64 3.230597e-11 6.024145e-14
65 7.815394e-12 6.303206e-14
66 1.038706e-11 6.402346e-14
67 1.158650e-11 6.521429e-14
68 1.146682e-11 6.591755e-14
69 4.468020e-11 6.895940e-14
70 6.382866e-12 7.091345e-14
71 2.011255e-11 7.343308e-14
72 9.735007e-12 7.673018e-14
73 2.140553e-11 7.689856e-14
74 1.226741e-11 7.894305e-14
75 1.447394e-11 8.084825e-14
76 1.433941e-11 8.284048e-14
77 1.951016e-11 8.522240e-14
78 3.415528e-11 8.850545e-14
79 2.788323e-11 8.961954e-14
80 5.444674e-10 9.124953e-14
81 2.210828e-11 9.699066e-14
82 1.966606e-11 9.787392e-14
83 4.560063e-11 9.793157e-14
84 2.264646e-11 1.028641e-13
85 5.131004e-10 1.052343e-13
86 2.773080e-09 1.069570e-13
87 3.662666e-11 1.086326e-13
88 2.049740e-10 1.158814e-13
89 1.820621e-10 1.156960e-13
90 1.851774e-11 1.164531e-13
91 2.818894e-11 1.241711e-13
92 3.029838e-11 1.231978e-13
93 3.868140e-11 1.275967e-13
94 1.406872e-11 1.296790e-13
95 8.652783e-11 1.344258e-13
96 3.629809e-11 1.358205e-13
97 3.781245e-11 1.344462e-13
98 6.201836e-11 1.418749e-13
99 1.253022e-10 1.424646e-13
100 4.391261e-11 1.456561e-13
101 9.322978e-11 1.516801e-13
102 3.731329e-11 1.524260e-13
103 9.908377e-11 1.573003e-13
104 1.137502e-10 1.566741e-13
105 4.050855e-11 1.605830e-13
106 7.643175e-11 1.614455e-13
107 3.655822e-11 1.667202e-13
108 1.720917e-10 1.711303e-13
109 6.024747e-11 1.736023e-13
110 3.898915e-11 1.777718e-13
111 7.645724e-11 1.786132e-13
112 6.419105e-11 1.852544e-13
113 2.327112e-10 1.886818e-13
114 7.329613e-11 1.921262e-13
115 9.240304e-11 1.948093e-13
116 2.707167e-10 1.939727e-13
117 5.000067e-11 1.962658e-13
118 4.257048e-10 1.986636e-13
119 2.770755e-09 2.071709e-13
120 2.305132e-10 2.059153e-13
121 2.562227e-10 2.151794e-13
122 1.124552e-10 2.196787e-13
123 8.343433e-11 2.255285e-13
124 2.425566e-10 2.238623e-13
125 2.564518e-10 2.292700e-13
126 7.926413e-11 2.328005e-13
127 6.046830e-11 2.372274e-13
128 1.063306e-10 2.406308e-13
129 8.044939e-11 2.442874e-13
130 6.603490e-10 2.459381e-13
131 1.006682e-10 2.538976e-13
132 1.023638e-10 2.593882e-13
133 1.045608e-10 2.616347e-13
134 7.046817e-11 2.629396e-13
135 1.644699e-10 2.715535e-13
136 8.968883e-11 2.689960e-13
137 9.598595e-11 2.724246e-13
138 3.836551e-10 2.808263e-13
139 7.690583e-11 2.815741e-13
140 3.023937e-10 2.876535e-13
141 1.441878e-10 2.910389e-13
142 7.300945e-11 2.965878e-13
143 4.221842e-10 2.971423e-13
144 1.162147e-10 3.027525e-13
145 1.552578e-09 3.113253e-13
146 8.120252e-11 3.111942e-13
147 7.697967e-11 3.173480e-13
148 1.035089e-10 3.227802e-13
149 1.292166e-10 3.279034e-13
150 1.178083e-10 3.320567e-13
151 1.437425e-10 3.321251e-13
152 1.507959e-10 3.360382e-13
153 9.720199e-11 3.426175e-13
154 1.544087e-10 3.425013e-13
155 1.350142e-10 3.532006e-13
156 7.788939e-11 3.547993e-13
157 1.079451e-10 3.587239e-13
158 3.941591e-10 3.678354e-13
159 9.885102e-11 3.765339e-13
160 3.714756e-10 3.758308e-13
161 6.386180e-10 3.803223e-13
162 2.054601e-10 3.877374e-13
163 1.213351e-10 3.902408e-13
164 9.817091e-11 3.990754e-13
165 1.720705e-10 3.989721e-13
166 1.756816e-10 3.996686e-13
167 1.678244e-10 4.100427e-13
168 4.884735e-10 4.161523e-13
169 1.953501e-10 4.180658e-13
170 1.273069e-10 4.266743e-13
171 1.606375e-09 4.294429e-13
172 2.055863e-10 4.336324e-13
173 2.451971e-10 4.435699e-13
174 2.039556e-10 4.465162e-13
175 1.506204e-10 4.470486e-13
176 2.374227e-10 4.541290e-13
177 1.512822e-10 4.579314e-13
178 1.340417e-10 4.669463e-13
179 9.465044e-10 4.701592e-13
180 9.710327e-10 4.770016e-13
181 1.215172e-10 4.839951e-13
182 1.810558e-10 4.861218e-13
183 1.538216e-10 4.908474e-13
184 1.990012e-10 4.969677e-13
185 2.243799e-10 5.000235e-13
186 2.065848e-10 5.091475e-13
187 2.322943e-10 5.208247e-13
188 1.913011e-10 5.174484e-13
189 1.903560e-10 5.269967e-13
190 1.336376e-10 5.283299e-13
191 6.564245e-10 5.399065e-13
192 1.644825e-10 5.460405e-13
193 3.763434e-10 5.475474e-13
194 5.225621e-10 5.516577e-13
195 7.097153e-10 5.605725e-13
196 6.167643e-09 5.673293e-13
197 4.621138e-10 5.671033e-13
198 2.587791e-10 5.762038e-13
199 2.217058e-10 5.897708e-13
200 2.999032e-10 5.900108e-13
201 4.232146e-10 5.957622e-13
202 3.069663e-10 6.080280e-13
203 1.544926e-10 6.025303e-13
204 2.051654e-10 6.112869e-13
205 4.273730e-10 6.183567e-13
206 1.916568e-10 6.180544e-13
207 9.337090e-10 6.256813e-13
208 3.517382e-10 6.340894e-13
209 6.435573e-10 6.447540e-13
210 2.923998e-10 6.478518e-13
211 4.386338e-10 6.566117e-13
212 8.124788e-10 6.569458e-13
213 8.239490e-10 6.767988e-13
214 5.909622e-10 6.756276e-13
215 5.097040e-10 6.846343e-13
216 5.540702e-10 6.865566e-13
217 6.145472e-10 6.870227e-13
218 3.504449e-10 6.995340e-13
219 3.509423e-10 7.057002e-13
220 4.117452e-10 7.055133e-13
221 6.699875e-10 7.171231e-13
222 3.423628e-10 7.202472e-13
223 3.457812e-10 7.311116e-13
224 2.493298e-09 7.378567e-13
225 4.029333e-10 7.450166e-13
226 4.939029e-10 7.558067e-13
227 4.900753e-10 7.535230e-13
228 5.722299e-10 7.696043e-13
229 2.066935e-10 7.739260e-13
230 3.506936e-09 7.770461e-13
231 2.714319e-10 7.919368e-13
232 3.612586e-09 7.925692e-13
233 3.748423e-10 7.944950e-13
234 3.138658e-10 8.077058e-13
235 5.137852e-10 8.173168e-13
236 3.332352e-10 8.099082e-13
237 1.040022e-09 8.251329e-13
238 4.330017e-10 8.361934e-13
239 1.018162e-08 8.380220e-13
240 4.147400e-09 8.546154e-13
241 1.060036e-09 8.574095e-13
242 3.194888e-10 8.591351e-13
243 6.573031e-10 8.691631e-13
244 8.305163e-08 8.781852e-13
245 6.695001e-10 8.744210e-13
246 6.647047e-10 8.851883e-13
247 8.774520e-10 9.089705e-13
248 4.807525e-10 9.129875e-13
249 6.317571e-10 9.163990e-13
250 4.598008e-10 9.173258e-13
251 7.014682e-10 9.252666e-13
252 3.576831e-10 9.303947e-13
253 8.490792e-10 9.339826e-13
254 1.977711e-09 9.504957e-13
255 1.270539e-09 9.561819e-13
256 3.770042e-10 9.664952e-13
257 3.934309e-10 9.697874e-13
258 3.244403e-10 9.734364e-13
259 1.733201e-09 9.877566e-13
260 3.757258e-09 9.961922e-13
261 4.865378e-10 9.973575e-13
262 8.360159e-10 1.001099e-12
263 1.383930e-09 1.011550e-12
264 4.812462e-10 1.031063e-12
265 5.367271e-10 1.032238e-12
266 4.694797e-08 1.038343e-12
267 3.669200e-09 1.044062e-12
268 9.738216e-10 1.057730e-12
269 5.380452e-10 1.065713e-12
270 6.099156e-10 1.077186e-12
271 3.482054e-10 1.086820e-12
272 5.778409e-09 1.096050e-12
273 2.729520e-10 1.101077e-12
274 7.502034e-10 1.104460e-12
275 6.106505e-10 1.107532e-12
276 7.605904e-10 1.115772e-12
277 8.271160e-10 1.129085e-12
278 8.513651e-10 1.142626e-12
279 2.995011e-09 1.135570e-12
280 2.421749e-09 1.159672e-12
281 2.520420e-09 1.157919e-12
282 7.799827e-10 1.174726e-12
283 8.311566e-10 1.169636e-12
284 1.119798e-09 1.183067e-12
285 5.445083e-10 1.194195e-12
286 6.832379e-10 1.200848e-12
287 6.107516e-10 1.209857e-12
288 3.859907e-09 1.218005e-12
289 1.094186e-09 1.232256e-12
290 1.287887e-09 1.241732e-12
291 6.075595e-10 1.243338e-12
292 5.749906e-10 1.253235e-12
293 1.302557e-09 1.267254e-12
294 1.431386e-09 1.266302e-12
295 7.326629e-10 1.284602e-12
296 2.284533e-09 1.294430e-12
297 5.590064e-10 1.299580e-12
298 1.214647e-09 1.312366e-12
299 8.078877e-09 1.316111e-12
300 6.261648e-10 1.325608e-12
301 7.377570e-10 1.329844e-12
302 5.030651e-10 1.345515e-12
303 4.177412e-10 1.354142e-12
304 7.645403e-10 1.354358e-12
305 1.342151e-09 1.363843e-12
306 3.257458e-09 1.374635e-12
307 1.239941e-09 1.372639e-12
308 8.579443e-10 1.389924e-12
309 8.651509e-10 1.403992e-12
310 1.034538e-09 1.409164e-12
311 7.232790e-10 1.422108e-12
312 1.054681e-09 1.440698e-12
313 5.266636e-10 1.438495e-12
314 1.058402e-09 1.443991e-12
315 1.797678e-09 1.457153e-12
316 6.994743e-10 1.475076e-12
317 9.769561e-10 1.469233e-12
318 8.461735e-10 1.486064e-12
319 1.748881e-09 1.496409e-12
320 9.385748e-10 1.504225e-12
321 2.816509e-09 1.511628e-12
322 9.711038e-10 1.531034e-12
323 8.487779e-10 1.535221e-12
324 9.861183e-10 1.544002e-12
325 8.068354e-10 1.549703e-12
326 7.756127e-10 1.559706e-12
327 7.531654e-10 1.572819e-12
328 2.520188e-09 1.589395e-12
329 1.260010e-09 1.580027e-12
330 9.604923e-10 1.592819e-12
331 1.613737e-09 1.610442e-12
332 9.319335e-09 1.623895e-12
333 1.151446e-09 1.636894e-12
334 1.613823e-09 1.635708e-12
335 2.243091e-09 1.645873e-12
336 1.687232e-09 1.663724e-12
337 8.815577e-10 1.668002e-12
338 1.690873e-09 1.682218e-12
339 2.059817e-09 1.696565e-12
340 1.028535e-09 1.706616e-12
341 1.058732e-09 1.709680e-12
342 1.275572e-09 1.735416e-12
343 1.914778e-09 1.735285e-12
344 1.264055e-08 1.740629e-12
345 1.121715e-08 1.747308e-12
346 1.618498e-09 1.749565e-12
347 1.022430e-09 1.768997e-12
348 1.323404e-09 1.786758e-12
349 9.521465e-10 1.789234e-12
350 1.716196e-09 1.799761e-12
351 2.463376e-09 1.806756e-12
352 1.431691e-09 1.814973e-12
353 1.359974e-09 1.830886e-12
354 4.580339e-09 1.845244e-12
355 2.470228e-09 1.854282e-12
356 1.185607e-09 1.860848e-12
357 1.085372e-09 1.880221e-12
358 1.926953e-09 1.886243e-12
359 1.374570e-08 1.894776e-12
360 1.363563e-09 1.923874e-12
361 1.240808e-09 1.923302e-12
362 2.987570e-09 1.921879e-12
363 8.711770e-10 1.952497e-12
364 1.726430e-09 1.948613e-12
365 2.717142e-09 1.967051e-12
366 2.062039e-09 1.971381e-12
367 1.489849e-09 1.978898e-12
368 1.562274e-09 1.991909e-12
369 7.354531e-09 2.006234e-12
370 9.968951e-10 2.016861e-12
371 1.171077e-09 2.024273e-12
372 2.220013e-09 2.039913e-12
373 1.312752e-09 2.045011e-12
374 1.942362e-09 2.060989e-12
375 3.124618e-09 2.074906e-12
376 1.535142e-09 2.087780e-12
377 1.357519e-09 2.102000e-12
378 1.425855e-09 2.120692e-12
379 4.251324e-09 2.119418e-12
380 1.480406e-09 2.127568e-12
381 1.509501e-09 2.139217e-12
382 1.585338e-09 2.149828e-12
383 1.280664e-09 2.160666e-12
384 2.096381e-09 2.166512e-12
385 1.380642e-09 2.186350e-12
386 1.399645e-09 2.180965e-12
387 3.344921e-09 2.206423e-12
388 2.205314e-09 2.219170e-12
389 3.158822e-08 2.237417e-12
390 1.619146e-09 2.239664e-12
391 2.747498e-09 2.250387e-12
392 6.094022e-09 2.256845e-12
393 3.044936e-09 2.264445e-12
394 1.572947e-09 2.287538e-12
395 2.317325e-09 2.295224e-12
396 9.686765e-10 2.291261e-12
397 1.088613e-09 2.311583e-12
398 5.058157e-09 2.338314e-12
399 2.656596e-09 2.338129e-12
400 8.114435e-09 2.359178e-12
401 3.915163e-09 2.364101e-12
402 1.471650e-09 2.375166e-12
403 2.119435e-09 2.399017e-12
404 2.300536e-09 2.402057e-12
405 1.657674e-09 2.420596e-12
406 2.642189e-09 2.421621e-12
407 4.779917e-09 2.431467e-12
408 1.090560e-09 2.443986e-12
409 2.162452e-09 2.473300e-12
410 1.717539e-09 2.490863e-12
411 2.014750e-09 2.476158e-12
412 4.706701e-09 2.499100e-12
413 1.794449e-09 2.506534e-12
414 2.820282e-09 2.523797e-12
415 2.642803e-09 2.550563e-12
416 2.444198e-09 2.550279e-12
417 1.639183e-09 2.569076e-12
418 1.059458e-09 2.569001e-12
419 2.993422e-09 2.578860e-12
420 5.162445e-09 2.600232e-12
421 1.425724e-09 2.608041e-12
422 2.314251e-09 2.618174e-12
423 2.117023e-09 2.633326e-12
424 6.752896e-09 2.650738e-12
425 1.440707e-08 2.660123e-12
426 3.315592e-09 2.669682e-12
427 2.250021e-09 2.686808e-12
428 1.756298e-08 2.697826e-12
429 7.466659e-09 2.721000e-12
430 4.499147e-09 2.718321e-12
431 6.025734e-09 2.745472e-12
432 1.686310e-08 2.747794e-12
433 2.268161e-09 2.759183e-12
434 4.875030e-09 2.766477e-12
435 3.787333e-09 2.776801e-12
436 2.424540e-09 2.801357e-12
437 4.105778e-09 2.823681e-12
438 1.922259e-09 2.825904e-12
439 3.175523e-09 2.833191e-12
440 3.035680e-09 2.850942e-12
441 2.483220e-09 2.853731e-12
442 6.043472e-09 2.872348e-12
443 3.621937e-09 2.877038e-12
444 1.731552e-08 2.898170e-12
445 6.000566e-09 2.918253e-12
446 3.209620e-09 2.921113e-12
447 5.202082e-09 2.926030e-12
448 1.504025e-08 2.946466e-12
449 6.059094e-09 2.976254e-12
450 2.056581e-09 2.982236e-12
451 2.993637e-09 2.987906e-12
452 2.942282e-09 2.999582e-12
453 5.762593e-09 3.017982e-12
454 9.126137e-09 3.040012e-12
455 4.853793e-09 3.043814e-12
456 3.539706e-09 3.077812e-12
457 6.163650e-09 3.070177e-12
458 6.860418e-09 3.109457e-12
459 7.204102e-09 3.116801e-12
460 5.330132e-09 3.100807e-12
461 2.505150e-09 3.122439e-12
462 2.204882e-09 3.134680e-12
463 2.759008e-09 3.154278e-12
464 8.173576e-09 3.170797e-12
465 5.277623e-08 3.181036e-12
466 2.733676e-09 3.208665e-12
467 3.345880e-09 3.205005e-12
468 4.977316e-09 3.227374e-12
469 2.924174e-09 3.255180e-12
470 3.655815e-09 3.258773e-12
471 5.680607e-09 3.261174e-12
472 7.386407e-09 3.280344e-12
473 7.357266e-09 3.295169e-12
474 3.155648e-09 3.287370e-12
475 2.561459e-09 3.339606e-12
476 3.895918e-09 3.334386e-12
477 9.742392e-09 3.367401e-12
478 4.836181e-09 3.363395e-12
479 4.043192e-09 3.383386e-12
480 3.517433e-09 3.401200e-12
481 6.471090e-09 3.409992e-12
482 8.179578e-09 3.432822e-12
483 2.493584e-09 3.441556e-12
484 5.474787e-09 3.439153e-12
485 6.297041e-09 3.459737e-12
486 5.803043e-09 3.482491e-12
487 5.023963e-09 3.507935e-12
488 3.098215e-09 3.512075e-12
489 2.655355e-09 3.518917e-12
490 7.315778e-09 3.534456e-12
491 4.374065e-09 3.538456e-12
492 2.910824e-09 3.569073e-12
493 6.563355e-09 3.584568e-12
494 9.851370e-09 3.589184e-12
495 4.603292e-09 3.621160e-12
496 4.157759e-09 3.630076e-12
497 1.273976e-08 3.637479e-12
498 2.875633e-09 3.621718e-12
499 7.399665e-09 3.662392e-12
