	100 0.006132
200 0.028510
300 0.089453
400 0.209870
500 0.404926
600 0.698415
700 1.108941
800 1.640970
900 2.323781
1000 3.258619
1100 4.252177
1200 5.502514
1300 7.003688
1400 8.703194
1500 10.677559
1600 12.969811
1700 15.821029
1800 18.930340
1900 22.189309
2000 25.98335599 0.000056
9 0.000480
9 0.000946
9 0.000717
9 0.000014
9 0.000139
9 0.000059
18 0.000356
9 0.000034
9 0.000022
9 0.000054
9 0.000064
9 0.000028
9 0.000043
9 0.000021
9 0.000059
9 0.000016
9 0.000011
9 0.000019
9 0.000016
9 0.000019
9 0.000034
9 0.000018
9 0.000011
9 0.000031
9 0.000020
9 0.000014
9 0.000020
9 0.000000
3 0.000001
9 0.000000
9 0.000000
9 0.000001
5 0.000007
5 0.000028
5 0.000029
5 0.000010
5 0.000009
5 0.000033
5 0.000029
5 0.000015
5 0.000017
10 0.000048
10 0.000045
10 0.000014
10 0.000018
5 0.000013
5 0.000024
5 0.000008
5 0.000015
5 0.000012
10 0.000016
10 0.000061
10 0.000020
10 0.000050
2 0.000000
2 0.000000
2 0.000000
2 0.000000
2 0.000000
2 0.000000
40 0.000000
40 0.000000
40 0.000000
40 0.000089
40 0.000229
40 0.000124
40 0.007456
40 0.005353
40 0.001577
40 0.000183
